10
12
16
23
24
25
28
29
30
31
32
33
34
35
36
38
39
40
41
43
44
46
47
49
50
52
53
55
56
59
60
61
62
63
65
66
67
68
69
70
71
72
73
74
75
76
77
78
79
80
81
82
83
84
86
87
88
89
90
91
92
93
94
95
96
97
99
100
102
103
104
105
106
107
125
174
182
205
206
226
228
236
237
238
242
243
245
246
247
249
250
257
258
264
265
266
272
273
279
280
284
285
287
288
289
290
291
292
293
294
295
300
301
305
306
311
312
318
319
324
325
326
327
328
329
330
331
332
333
334
336
337
342
343
348
349
353
354
362
363
364
365
366
367
368
369
370
377
380
381
383
385
386
390
391
392
393
394
395
396
397
402
403
404
405
406
407
411
412
413
418
419
420
424
425
426
428
433
434
435
436
440
441
445
449
453
454
455
457
460
461
462
465
466
469
470
472
475
479
486
487
488
489
494
497
501
505
506
507
508
509
515
516
520
522
524
528
544
552
556
559
560
561
562
564
565
566
567
568
569
570
572
573
574
575
576
577
